 -122
    8
 -112
  -66
  123
   61
  -28
  -34
   19
   50
   23
  -42
   25
   11
   44
 -104
  -37
  -28
  -74
  -51
  -63
  100
   18
  -37
  -13
  -41
   -5
 -127
   91
   99
 -121
  -49
  -81
 -108
   56
  -24
  102
   66
  -30
  -74
   90
  -38
  -23
  112
  115
   47
  -43
   83
   24
  -62
 -121
  -70
  -47
   49
  -18
 -101
 -123
  -21
  112
   94
 -126
  -26
  113
  -22
   70
   17
  -91
  -47
   40
  -93
  -47
  -70
   98
   32
 -107
   56
  118
   98
   24
 -125
  -12
  105
  -13
  115
  113
   22
 -116
   80
 -125
   69
  -34
   99
  -75
  118
   97
   90
   57
  105
   68
    7
    4
   80
   88
   50
  124
   46
  -40
   45
  -41
  110
  -40
   32
   41
    2
   23
  -42
  -39
   63
 -128
    7
   87
  -55
   70
   50
   -3
  103
  106
  -99
 -117
 -119
   32
  -13
   14
   68
  -64
 -109
   46
  -65
 -107
  -36
  -77
   30
   39
  -93
 -111
  125
  -66
  -48
  114
   75
   21
  -83
  103
  -51
   10
  105
  -12
 -113
  -14
  -74
   30
   23
   90
   -6
  -56
  108
  -18
   53
   -1
  -13
   68
   86
    6
  127
  -60
   25
  -94
   66
  -18
    5
 -100
  -33
  -30
   76
  -73
 -105
  105
   96
 -113
  -50
 -109
  -94
  -42
 -119
 -107
   97
  -18
  -94
   14
  124
  -29
 -114
   25
   38
  -39
   28
  -54
   10
   -1
  -86
   24
  115
 -120
   52
   49
   84
   15
   91
   34
   93
  -98
   82
  122
   25
   73
   86
 -102
  -47
    4
  102
   13
  -19
  -65
  -53
 -101
   25
   -4
  122
   14
   73
    7
  -52
 -121
 -113
   42
   64
 -109
  -29
  -93
  -56
    8
  -14
   48
   72
  -13
  -33
  114
  -45
 -101
  -64
   37
   74
  -57
  -65
    7
 -106
   -7
   -8
  104
   -2
 -120
  -90
  109
  -78
   15
  -62
   89
  -44
  -54
   24
  -59
   14
   -5
   12
   75
   25
   53
  -58
   80
   54
  -61
  -45
   71
   62
  112
   62
  -26
  -33
   90
   16
  -45
  -77
  -57
  116
  125
  -12
   -5
   90
  -63
  -83
  -43
  -43
   22
  -33
  -46
 -107
   25
   11
   57
  -98
  -69
   22
   98
  -30
  -12
  -28
   41
   -5
  -87
  -70
  -28
   64
   42
  -83
   75
   22
  -93
  -44
   -1
   48
   90
 -116
   52
  -77
  -69
   21
  -30
 -101
   89
  -17
  -82
  -74
  -60
  -15
  -45
  -17
   77
   27
   82
  103
   -4
 -105
  101
    8
 -111
 -126
   35
   57
   19
   33
 -101
    9
   74
  -96
   45
  -36
 -128
  -93
  107
  -31
   43
   56
 -120
   93
   10
 -111
   13
  -26
  -17
   -3
 -126
  -65
  -39
  103
  -50
  -19
   97
   45
  -60
 -116
 -128
   -1
   70
  -73
   62
  -65
  -76
 -101
 -119
   27
  -15
  -71
  105
  -41
  -15
  122
  -97
   45
    4
 -103
  -49
   79
   56
  -61
  -18
   47
  -30
 -118
   44
  -38
   98
  -65
   34
  -19
   97
   83
  -64
  -39
  -48
  -33
 -121
   50
  -68
  -81
  -57
  104
   66
   67
   63
 -111
